https://arxiv.org/pdf/1208.5723.pdf
0.09913047314533324 0.5454607518888248
0.11967283240342323 0.5446460539490852
0.14063780268521936 0.5438085990836544
0.1652755362006534 0.5429711442182237
0.2006011153787334 0.5421609976636222
0.2434770953780927 0.5413508511090207
0.2955172799604359 0.5405407045544193
0.33990616655986694 0.5387110477288587
0.3951918338857058 0.5368904936735746
0.4594697035084247 0.5350699396182904
0.5399999568965046 0.5322844919137056
0.6346445722571575 0.5294990442091209
0.75397221507532 0.5257487028552356
0.9763889187819321 0.5181751979852534
1.1353570088372111 0.5124586582516611
1.3345350220776886 0.5057772248687683
1.5352602115953526 0.4990775859453226
1.8047831959986993 0.48947416330369864
2.010360594833777 0.48177321964984676
2.239354693805192 0.47407227599599466
2.549047965679675 0.4624935522043875
2.901570505695396 0.4509148284127803
3.2325312906281223 0.43931789908062013
3.6800908734188926 0.4238431896107048
4.189617243887353 0.4083684801407895
4.667496037072952 0.39677155080862936
5.313733425427519 0.381296841338714
5.984287787362633 0.36776102193767635
6.849112683083326 0.35423885669205324
7.7544866739263725 0.34265558151530773
8.873893442710381 0.3330294019479928
10.154893308070683 0.32340322238067787
11.682681999882941 0.3157295870376551
13.731719210368826 0.3100221500743393
15.626390186573747 0.30623539763934815
17.974217741868458 0.3034317443942106
20.673356320230187 0.302576083988227
