1.300000E-02   3.633000E+05
1.500000E-02   3.963000E+05
1.700000E-02   4.332000E+05
1.900000E-02   4.676000E+05
2.100000E-02   4.966000E+05
2.400000E-02   5.170000E+05
2.700000E-02   5.363000E+05
3.000000E-02   5.890000E+05
3.300000E-02   5.630000E+05
3.800000E-02   5.690000E+05
4.200000E-02   5.581000E+05
4.700000E-02   5.290000E+05
5.300000E-02   4.435000E+05
6.000000E-02   3.874000E+05
6.700000E-02   3.617000E+05
7.500000E-02   3.317000E+05
8.400000E-02   3.040000E+05
9.400000E-02   2.765000E+05
1.060000E-01   2.442000E+05
1.190000E-01   2.139000E+05
1.330000E-01   1.880000E+05
1.500000E-01   1.630000E+05
1.680000E-01   1.405000E+05
1.880000E-01   1.207000E+05
2.110000E-01   1.009000E+05
2.370000E-01   8.440000E+04
2.660000E-01   6.970000E+04
2.990000E-01   5.766000E+04
3.350000E-01   4.674000E+04
3.760000E-01   3.777000E+04
4.220000E-01   3.037000E+04
4.730000E-01   2.426000E+04
5.310000E-01   1.922000E+04
5.960000E-01   1.511000E+04
6.680000E-01   1.188000E+04
7.500000E-01   9.150000E+03
8.410000E-01   7.040000E+03
9.440000E-01   5.360000E+03
