1.300000E-02   5.484000E+05
1.500000E-02   6.030000E+05
1.700000E-02   6.600000E+05
1.900000E-02   7.030000E+05
2.100000E-02   7.490000E+05
2.400000E-02   7.840000E+05
2.700000E-02   8.130000E+05
3.000000E-02   8.920000E+05
3.300000E-02   8.490000E+05
3.800000E-02   8.600000E+05
4.200000E-02   8.440000E+05
4.700000E-02   8.010000E+05
5.300000E-02   6.678000E+05
6.000000E-02   5.806000E+05
6.700000E-02   5.368000E+05
7.500000E-02   4.906000E+05
8.400000E-02   4.465000E+05
9.400000E-02   4.063000E+05
1.060000E-01   3.546000E+05
1.190000E-01   3.085000E+05
1.330000E-01   2.690000E+05
1.500000E-01   2.316000E+05
1.680000E-01   1.982000E+05
1.880000E-01   1.692000E+05
2.110000E-01   1.402000E+05
2.370000E-01   1.164000E+05
2.660000E-01   9.570000E+04
2.990000E-01   7.800000E+04
3.350000E-01   6.253000E+04
3.760000E-01   5.002000E+04
4.220000E-01   3.971000E+04
4.730000E-01   3.124000E+04
5.310000E-01   2.455000E+04
5.960000E-01   1.897000E+04
6.680000E-01   1.471000E+04
7.500000E-01   1.128000E+04
8.410000E-01   8.480000E+03
9.440000E-01   6.348000E+03
