1.061700000000000E-02   1.661340445316301E+00
1.192800000000000E-02   2.040671513135339E+00
1.340000000000000E-02   2.495652929658842E+00
1.505500000000000E-02   3.036985607002360E+00
1.691300000000000E-02   3.672467649933775E+00
1.900100000000000E-02   7.110072310657885E+00
2.134700000000000E-02   8.838416777657373E+01
2.398200000000000E-02   1.026538963914527E+02
2.694300000000000E-02   1.097112621250844E+02
3.026900000000000E-02   1.105672235113020E+02
3.400500000000000E-02   1.157697493509537E+02
3.820300000000000E-02   1.070325748220769E+02
4.291900000000000E-02   1.075422875196076E+02
4.821800000000000E-02   1.071134783468153E+02
5.417000000000000E-02   1.004801746229481E+02
6.085800000000000E-02   9.132945235183146E+01
6.837000000000000E-02   8.168950580341969E+01
7.681100000000000E-02   7.292597894817563E+01
8.629299999999999E-02   7.025969326584742E+01
9.694600000000000E-02   6.868360396608904E+01
1.089100000000000E-01   5.945986439505126E+01
1.223600000000000E-01   4.709065997233670E+01
1.374600000000000E-01   4.091095962039687E+01
1.544300000000000E-01   3.480297871269427E+01
1.735000000000000E-01   2.885460502033178E+01
1.949200000000000E-01   2.383034848987670E+01
2.189800000000000E-01   2.028834913534804E+01
2.460100000000000E-01   1.546214794929134E+01
2.763800000000000E-01   1.255857307295368E+01
3.105000000000000E-01   1.032874023426508E+01
3.488300000000000E-01   8.254084680649090E+00
3.919000000000000E-01   6.006160886854277E+00
4.402700000000000E-01   4.536613884416429E+00
4.946300000000000E-01   3.389512163695246E+00
5.556900000000000E-01   2.796160697826725E+00
6.242900000000000E-01   2.186642902343541E+00
7.013500000000000E-01   1.656784453307736E+00
7.879400000000000E-01   1.123529641795388E+00
8.852100000000001E-01   8.230370151390007E-01
9.944800000000000E-01   6.018299759769278E-01
1.117300000000000E+00   4.496630458458769E-01
1.255200000000000E+00   3.307361842203453E-01
1.410100000000000E+00   2.487457182488603E-01
1.584200000000000E+00   1.732219299101123E-01
1.779800000000000E+00   1.215587570840687E-01
1.999500000000000E+00   9.336243761217966E-02
2.246300000000000E+00   7.916362021726168E-02
2.523600000000000E+00   6.503525802006138E-02
2.835200000000000E+00   4.706144008472753E-02
