1.061700000000000E-02   1.622362099800085E+00
1.192800000000000E-02   1.992793307588525E+00
1.340000000000000E-02   2.437099956693521E+00
1.505500000000000E-02   2.965731894585230E+00
1.691300000000000E-02   3.586304267010179E+00
1.900100000000000E-02   5.310537951550663E+00
2.134700000000000E-02   6.331927009880241E+01
2.398200000000000E-02   7.709420075567635E+01
2.694300000000000E-02   7.995566571497820E+01
3.026900000000000E-02   7.999994318032198E+01
3.400500000000000E-02   8.274732485261694E+01
3.820300000000000E-02   8.013178982561153E+01
4.291900000000000E-02   7.906172699963003E+01
4.821800000000000E-02   7.668217653360527E+01
5.417000000000000E-02   7.256917791259926E+01
6.085800000000000E-02   7.071788744543547E+01
6.837000000000000E-02   6.618747149342197E+01
7.681100000000000E-02   5.786084811830739E+01
8.629299999999999E-02   5.144870349033268E+01
9.694600000000000E-02   4.577197704191492E+01
1.089100000000000E-01   4.220108070793831E+01
1.223600000000000E-01   3.861027936988670E+01
1.374600000000000E-01   3.236059950328474E+01
1.544300000000000E-01   2.627844715720697E+01
1.735000000000000E-01   2.300258736316600E+01
1.949200000000000E-01   1.977169678042752E+01
2.189800000000000E-01   1.587004126869072E+01
2.460100000000000E-01   1.277380106740346E+01
2.763800000000000E-01   1.067630769549818E+01
3.105000000000000E-01   8.685180137067054E+00
3.488300000000000E-01   6.805241194283443E+00
3.919000000000000E-01   5.529744414783823E+00
4.402700000000000E-01   4.044842438398275E+00
4.946300000000000E-01   2.934384587560086E+00
5.556900000000000E-01   2.354497323145314E+00
6.242900000000000E-01   1.943417582066338E+00
7.013500000000000E-01   1.464437760977650E+00
7.879400000000000E-01   1.048897607734381E+00
8.852100000000001E-01   7.884212224828165E-01
9.944800000000000E-01   5.800177042923096E-01
1.117300000000000E+00   4.329228925016829E-01
1.255200000000000E+00   3.253767181333187E-01
1.410100000000000E+00   2.373102698708102E-01
1.584200000000000E+00   1.683956459076066E-01
1.779800000000000E+00   1.245274202415537E-01
1.999500000000000E+00   8.567970012936124E-02
2.246300000000000E+00   6.545779964852418E-02
2.523600000000000E+00   4.264409663249348E-02
2.835200000000000E+00   3.389696366548523E-02
