1.061700000000000E-02   1.397326077485687E+00
1.192800000000000E-02   1.716375189037966E+00
1.340000000000000E-02   2.099052562523944E+00
1.505500000000000E-02   2.554358558823353E+00
1.691300000000000E-02   3.088852035380402E+00
1.900100000000000E-02   5.253104307374716E+00
2.134700000000000E-02   5.443854853621771E+01
2.398200000000000E-02   5.588395169871807E+01
2.694300000000000E-02   5.652857707130180E+01
3.026900000000000E-02   5.389588449741838E+01
3.400500000000000E-02   5.195048492958036E+01
3.820300000000000E-02   5.371193619581092E+01
4.291900000000000E-02   5.572980422146760E+01
4.821800000000000E-02   5.261489939040989E+01
5.417000000000000E-02   4.299408645486150E+01
6.085800000000000E-02   4.072934226669038E+01
6.837000000000000E-02   3.787831748034896E+01
7.681100000000000E-02   3.499809012281879E+01
8.629299999999999E-02   3.238793615986503E+01
9.694600000000000E-02   2.757771293249350E+01
1.089100000000000E-01   2.355763884408110E+01
1.223600000000000E-01   2.072668992124892E+01
1.374600000000000E-01   1.845705289073742E+01
1.544300000000000E-01   1.561142106008449E+01
1.735000000000000E-01   1.347027630083188E+01
1.949200000000000E-01   1.096115529972218E+01
2.189800000000000E-01   9.026456068084311E+00
2.460100000000000E-01   7.438981027763467E+00
2.763800000000000E-01   6.597677846613912E+00
3.105000000000000E-01   5.605559280272408E+00
3.488300000000000E-01   4.587846719249976E+00
3.919000000000000E-01   3.391887937857459E+00
4.402700000000000E-01   2.730076156716392E+00
4.946300000000000E-01   2.210554744587871E+00
5.556900000000000E-01   1.752978643054083E+00
6.242900000000000E-01   1.447802341718890E+00
7.013500000000000E-01   1.138388050073287E+00
7.879400000000000E-01   8.523246694028788E-01
8.852100000000001E-01   6.768285465663566E-01
9.944800000000000E-01   5.241816026481232E-01
1.117300000000000E+00   4.080275548510682E-01
1.255200000000000E+00   3.156920320961147E-01
1.410100000000000E+00   2.466464797944395E-01
1.584200000000000E+00   1.762032325658065E-01
1.779800000000000E+00   1.288813302455766E-01
1.999500000000000E+00   9.317486759397164E-02
2.246300000000000E+00   6.357307567380779E-02
2.523600000000000E+00   4.582118763631691E-02
2.835200000000000E+00   3.810367787177008E-02
