1.061700000000000E-02   1.415468521602135E+00
1.192800000000000E-02   1.738660066885526E+00
1.340000000000000E-02   2.126306003525777E+00
1.505500000000000E-02   2.587523550269166E+00
1.691300000000000E-02   3.128956722710579E+00
1.900100000000000E-02   5.947260922462877E+00
2.134700000000000E-02   5.380215724496190E+01
2.398200000000000E-02   5.810819097987682E+01
2.694300000000000E-02   5.522663312242369E+01
3.026900000000000E-02   5.742666573278169E+01
3.400500000000000E-02   6.005608774414952E+01
3.820300000000000E-02   6.117510452622087E+01
4.291900000000000E-02   5.729231395145889E+01
4.821800000000000E-02   5.539806662646445E+01
5.417000000000000E-02   4.744349571546555E+01
6.085800000000000E-02   4.469974640107077E+01
6.837000000000000E-02   4.122604790788602E+01
7.681100000000000E-02   3.724175634793813E+01
8.629299999999999E-02   3.278775007638584E+01
9.694600000000000E-02   3.112450976210712E+01
1.089100000000000E-01   2.824016508304829E+01
1.223600000000000E-01   2.412799745285832E+01
1.374600000000000E-01   1.985107208641466E+01
1.544300000000000E-01   1.742695665537783E+01
1.735000000000000E-01   1.496211678559386E+01
1.949200000000000E-01   1.215648956602554E+01
2.189800000000000E-01   1.023737326118252E+01
2.460100000000000E-01   8.305059970083690E+00
2.763800000000000E-01   6.910777886523343E+00
3.105000000000000E-01   5.510406147483542E+00
3.488300000000000E-01   4.377777252099667E+00
3.919000000000000E-01   3.480911604509765E+00
4.402700000000000E-01   2.812828301225618E+00
4.946300000000000E-01   2.229735746711819E+00
5.556900000000000E-01   1.776055537605411E+00
6.242900000000000E-01   1.427323643198491E+00
7.013500000000000E-01   1.187304600262238E+00
7.879400000000000E-01   9.183068819740627E-01
8.852100000000001E-01   7.130924553048675E-01
9.944800000000000E-01   5.506904037949055E-01
1.117300000000000E+00   4.289211227634581E-01
1.255200000000000E+00   3.164094906545868E-01
1.410100000000000E+00   2.370695461711428E-01
1.584200000000000E+00   1.804296776765991E-01
1.779800000000000E+00   1.318611668263784E-01
1.999500000000000E+00   1.006476214807455E-01
2.246300000000000E+00   6.836230577968737E-02
2.523600000000000E+00   5.148404070664840E-02
2.835200000000000E+00   3.928165497247535E-02
