1.061700000000000E-02   1.784032576635848E+00
1.192800000000000E-02   2.191377732306444E+00
1.340000000000000E-02   2.679960112353968E+00
1.505500000000000E-02   3.261270905034074E+00
1.691300000000000E-02   3.943684115193955E+00
1.900100000000000E-02   8.604250596861887E+00
2.134700000000000E-02   5.965722124003951E+01
2.398200000000000E-02   7.154405295228024E+01
2.694300000000000E-02   7.406796818430918E+01
3.026900000000000E-02   8.235759412955791E+01
3.400500000000000E-02   8.510158048398748E+01
3.820300000000000E-02   8.486253955025497E+01
4.291900000000000E-02   8.112339926084482E+01
4.821800000000000E-02   8.505933977239081E+01
5.417000000000000E-02   7.881326859461038E+01
6.085800000000000E-02   7.256492141864538E+01
6.837000000000000E-02   6.279785879275408E+01
7.681100000000000E-02   5.246606465857607E+01
8.629299999999999E-02   5.070331498245288E+01
9.694600000000000E-02   4.560173923553201E+01
1.089100000000000E-01   4.067329006796076E+01
1.223600000000000E-01   3.396654164067719E+01
1.374600000000000E-01   2.986997143826188E+01
1.544300000000000E-01   2.702654015202049E+01
1.735000000000000E-01   2.342605610076946E+01
1.949200000000000E-01   2.005004227618507E+01
2.189800000000000E-01   1.538188992900116E+01
2.460100000000000E-01   1.259381909022604E+01
2.763800000000000E-01   9.883516392197983E+00
3.105000000000000E-01   7.675272590807142E+00
3.488300000000000E-01   6.566528694753819E+00
3.919000000000000E-01   5.412027668743411E+00
4.402700000000000E-01   4.227930605682493E+00
4.946300000000000E-01   2.920882413753071E+00
5.556900000000000E-01   2.245407458364619E+00
6.242900000000000E-01   1.779390491303205E+00
7.013500000000000E-01   1.334996327299516E+00
7.879400000000000E-01   1.007660847240722E+00
8.852100000000001E-01   7.619705804201755E-01
9.944800000000000E-01   5.740110542462253E-01
1.117300000000000E+00   4.394533959175537E-01
1.255200000000000E+00   3.066091182309457E-01
1.410100000000000E+00   2.412947722192789E-01
1.584200000000000E+00   1.607908368411577E-01
1.779800000000000E+00   1.283978713131065E-01
1.999500000000000E+00   9.052743131643357E-02
2.246300000000000E+00   6.512716717646957E-02
2.523600000000000E+00   4.335920023163313E-02
2.835200000000000E+00   3.187736605557028E-02
