1.061700000000000E-02   1.605282159598242E+00
1.192800000000000E-02   1.971813533386183E+00
1.340000000000000E-02   2.411442600958098E+00
1.505500000000000E-02   2.934509195644929E+00
1.691300000000000E-02   3.548548292290544E+00
1.900100000000000E-02   1.128577865839891E+01
2.134700000000000E-02   9.773155341528971E+01
2.398200000000000E-02   1.230139275247642E+02
2.694300000000000E-02   1.352522673563424E+02
3.026900000000000E-02   1.234990115720070E+02
3.400500000000000E-02   1.131224514336120E+02
3.820300000000000E-02   1.077777131977234E+02
4.291900000000000E-02   1.187337064407329E+02
4.821800000000000E-02   1.127406944585210E+02
5.417000000000000E-02   1.014877381717177E+02
6.085800000000000E-02   8.931117493256579E+01
6.837000000000000E-02   8.536381418746535E+01
7.681100000000000E-02   7.607902927551848E+01
8.629299999999999E-02   7.074145986161474E+01
9.694600000000000E-02   6.379260253195999E+01
1.089100000000000E-01   5.585350029044840E+01
1.223600000000000E-01   4.720888994632435E+01
1.374600000000000E-01   4.015008300889272E+01
1.544300000000000E-01   3.462547203161972E+01
1.735000000000000E-01   2.848291443548371E+01
1.949200000000000E-01   2.481325473971703E+01
2.189800000000000E-01   2.034872146642563E+01
2.460100000000000E-01   1.669944593471441E+01
2.763800000000000E-01   1.269030055261530E+01
3.105000000000000E-01   1.030405171957861E+01
3.488300000000000E-01   8.074944329947664E+00
3.919000000000000E-01   6.077195233421303E+00
4.402700000000000E-01   4.429216674663556E+00
4.946300000000000E-01   3.335330736135092E+00
5.556900000000000E-01   2.433764231246223E+00
6.242900000000000E-01   2.002039949381362E+00
7.013500000000000E-01   1.460559957618109E+00
7.879400000000000E-01   1.091955396123534E+00
8.852100000000001E-01   8.212488195908703E-01
9.944800000000000E-01   6.444757623641941E-01
1.117300000000000E+00   4.714198682549950E-01
1.255200000000000E+00   3.206973344197506E-01
1.410100000000000E+00   2.447254898705021E-01
1.584200000000000E+00   1.719327014337214E-01
1.779800000000000E+00   1.230703255996438E-01
1.999500000000000E+00   9.123269963041664E-02
2.246300000000000E+00   6.505559129959645E-02
2.523600000000000E+00   5.074608468988639E-02
2.835200000000000E+00   3.737655448992103E-02
